100
-2.000000
0.000000 0.020000 0.040000 0.060000 0.080000 0.100000 0.120000 0.140000 0.160000 0.180000 0.200000 0.220000 0.240000 0.260000 0.280000 0.300000 0.320000 0.340000 0.360000 0.380000 0.400000 0.420000 0.440000 0.460000 0.480000 0.500000 0.520000 0.540000 0.560000 0.580000 0.600000 0.620000 0.640000 0.660000 0.680000 0.700000 0.720000 0.740000 0.760000 0.780000 0.800000 0.820000 0.840000 0.860000 0.880000 0.900000 0.920000 0.940000 0.960000 0.980000 1
0.000000 0.161270 0.289682 0.391191 0.470675 0.532125 0.578811 0.613409 0.638111 0.654709 0.664674 0.669207 0.669293 0.665738 0.659203 0.650227 0.639252 0.626642 0.612693 0.597646 0.581703 0.565023 0.547743 0.529969 0.511792 0.493285 0.474507 0.455508 0.436328 0.416999 0.397548 0.377999 0.358367 0.338670 0.318917 0.299120 0.279286 0.259422 0.239534 0.219626 0.199701 0.179763 0.159813 0.139855 0.119889 0.099917 0.079941 0.059960 0.039976 0.019989 0.000000
0.000000 0.253076 0.379279 0.478602 0.555918 0.615215 0.659761 0.692229 0.714808 0.729291 0.737146 0.739573 0.737558 0.731905 0.723273 0.712203 0.699136 0.684435 0.668395 0.651260 0.633228 0.614461 0.595093 0.575233 0.554969 0.534376 0.513512 0.492427 0.471161 0.449747 0.428212 0.406576 0.384860 0.363077 0.341239 0.319357 0.297438 0.275489 0.253516 0.231523 0.209513 0.187490 0.165455 0.143412 0.121362 0.099305 0.077243 0.055177 0.033108 0.011037 0.000000
0.037856
0.000000 0.165833 0.293835 0.394957 0.474072 0.535168 0.581513 0.615779 0.640157 0.656439 0.666093 0.670319 0.670102 0.666248 0.659415 0.650144 0.638876 0.625973 0.611733 0.596396 0.580163 0.563195 0.545626 0.527564 0.509100 0.490305 0.471240 0.451954 0.432487 0.412872 0.393135 0.373298 0.353381 0.333397 0.313358 0.293274 0.273154 0.253004 0.232830 0.212635 0.192424 0.172200 0.151964 0.131720 0.111468 0.091210 0.070947 0.050680 0.030410 0.010137 0.000000
-0.307280
0.094151 0.253403 0.379825 0.479367 0.556901 0.616417 0.661182 0.693868 0.716666 0.731367 0.739441 0.742087 0.740290 0.734855 0.726442 0.715590 0.702742 0.688260 0.672439 0.655522 0.637708 0.619160 0.600011 0.580369 0.560324 0.539949 0.519304 0.498438 0.477390 0.456195 0.434878 0.413461 0.391963 0.370399 0.348780 0.327116 0.305416 0.283685 0.261931 0.240156 0.218365 0.196560 0.174744 0.152919 0.131087 0.109249 0.087406 0.065559 0.043709 0.021855 0.010928
0.038876
