10
-1.000000
0.000000 0.100000 0.200000 0.300000 0.400000 0.500000 0.600000 0.700000 0.800000 0.900000 1
0.000000 0.532125 0.664674 0.650227 0.581703 0.493285 0.397548 0.299120 0.199701 0.000000 0.000000
0.000000 1.663446 1.627290 1.455798 1.234519 0.994925 0.748593 0.499781 0.250058 0.000000 0.000000
0.327572
0.000000 0.924137 0.980394 0.901316 0.772451 0.625270 0.471351 0.314954 0.157645 0.000000 0.000000
-0.132715
1.354460 1.708920 1.695500 1.546745 1.348203 1.131345 0.907749 0.681675 0.454689 0.227367 0.227367
0.344687
