1000
-3.000000
0.000000 0.020000 0.040000 0.060000 0.080000 0.100000 0.120000 0.140000 0.160000 0.180000 0.200000 0.220000 0.240000 0.260000 0.280000 0.300000 0.320000 0.340000 0.360000 0.380000 0.400000 0.420000 0.440000 0.460000 0.480000 0.500000 0.520000 0.540000 0.560000 0.580000 0.600000 0.620000 0.640000 0.660000 0.680000 0.700000 0.720000 0.740000 0.760000 0.780000 0.800000 0.820000 0.840000 0.860000 0.880000 0.900000 0.920000 0.940000 0.960000 0.980000 1
0.000000 0.161270 0.289682 0.391191 0.470675 0.532125 0.578811 0.613409 0.638111 0.654709 0.664674 0.669207 0.669293 0.665738 0.659203 0.650227 0.639252 0.626642 0.612693 0.597646 0.581703 0.565023 0.547743 0.529969 0.511792 0.493285 0.474507 0.455508 0.436328 0.416999 0.397548 0.377999 0.358367 0.338670 0.318917 0.299120 0.279286 0.259422 0.239534 0.219626 0.199701 0.179763 0.159813 0.139855 0.119889 0.099917 0.079941 0.059960 0.039976 0.019989 0.000000
0.000000 0.170108 0.298317 0.399625 0.478907 0.540156 0.586641 0.621037 0.645538 0.661935 0.671698 0.676030 0.675916 0.672160 0.665423 0.656246 0.645071 0.632260 0.618110 0.602863 0.586718 0.569838 0.552356 0.534382 0.516004 0.497296 0.478317 0.459117 0.439736 0.420207 0.400555 0.380805 0.360973 0.341074 0.321121 0.301123 0.281088 0.261024 0.240934 0.220825 0.200700 0.180560 0.160410 0.140251 0.120085 0.099912 0.079734 0.059553 0.039368 0.019180 0.000000
0.003853
0.000000 0.161298 0.289687 0.391175 0.470637 0.532066 0.578730 0.613307 0.637987 0.654565 0.664508 0.669020 0.669085 0.665510 0.658953 0.649956 0.638961 0.626330 0.612359 0.597292 0.581327 0.564628 0.547326 0.529531 0.511334 0.492805 0.474007 0.454987 0.435786 0.416436 0.396965 0.377394 0.357742 0.338023 0.318250 0.298432 0.278577 0.258693 0.238784 0.218854 0.198909 0.178950 0.158979 0.139000 0.119014 0.099021 0.079024 0.059022 0.039017 0.019009 0.000000
-0.301482
0.009041 0.170129 0.298359 0.399686 0.478989 0.540258 0.586763 0.621180 0.645700 0.662118 0.671901 0.676253 0.676159 0.672423 0.665707 0.656550 0.645395 0.632604 0.618474 0.603247 0.587122 0.570263 0.552801 0.534847 0.516489 0.497801 0.478843 0.459663 0.440302 0.420793 0.401162 0.381431 0.361619 0.341741 0.321808 0.301830 0.281815 0.261771 0.241702 0.221613 0.201507 0.181388 0.161259 0.141120 0.120973 0.100821 0.080663 0.060502 0.040337 0.020170 0.001009
0.003950
